# Created by Octave 4.2.0, Wed Feb 22 19:58:21 2017 GMT <unknown@unknown>
# name: w
# type: matrix
# rows: 1
# columns: 1000
 -3.302193389980635 -4.293650410652257 -11.52462231747673 -6.113511947883352 -0.7071702351353064 -2.786304922474538 -6.304963964264673 -8.599140568474919 1.177128984298017 -5.895600488011898 -6.329571414449746 -6.049297745829148 -7.978117438212901 -10.65599179893826 -6.59592947229415 -7.206141178607364 -7.425070696290907 -4.806097920623749 -2.425394384710553 -4.842381912277043 -11.81905292142444 -5.649982831855406 -5.603026163358884 -7.835472086873637 -6.408535553468827 -5.470034760762717 -8.456609788844684 -7.347896617899993 -4.289975833948986 -5.519719306215344 -8.363591563725464 -8.634134790777487 -0.7309985198816831 -7.569197956711252 -5.61052939744952 -6.205155181778558 -7.674931357647269 -10.75408194541585 -5.596797343180099 -13.47303305317192 -5.865540024836698 -10.91775577719512 -3.902859636659322 -3.99985510145749 -4.607121725322136 -10.06084952860552 -6.218362053652772 -4.077106350629736 -2.652036008717883 -5.443499922021041 -8.469128069081425 -8.617352286614407 -10.77717265765962 -6.071274446594088 -6.683253189166788 -7.429437371226097 -4.981737385117372 -7.216226128386892 -7.380409253001248 -6.335108597196694 -11.85480392983898 -14.37893722333628 -3.360375212661516 -10.55068499163199 -2.32876494508887 -9.74469642433808 -3.004669366378377 -7.01379015912064 -6.115895543108759 -2.854080073368523 -8.848743081227649 -6.021113153336812 -7.955769892439213 -5.437256527353589 -5.188107768636245 -2.857621519010723 -4.152086566175826 -2.002314810853104 -5.181862306295693 -9.688422994445599 -12.13762093763181 -7.899369790802608 -7.89243826945107 -7.331364655593943 -8.328042298148004 -3.710820236187621 -6.337608666092165 -10.07774438889306 -4.467302805619351 1.465761844571026 -5.010162131771348 -6.581729481444711 -3.993246469508124 -0.5066972242102326 -4.655504015130846 -6.683673337317362 -2.904450898056656 -6.657399848631846 -7.039205635286491 -3.152049171582091 -6.09405573702137 -2.895966937227575 -6.083131118123601 -1.990655933464358 -11.82958918152141 -6.112456733419004 -4.991957777494727 -9.541917133794453 -6.270962179173512 -6.348031551505039 -5.387223173348528 -5.659371018753078 -4.361407595382919 -4.568872537960737 -5.000569492066923 -7.364038239003234 -14.04984160495157 -3.364353222975627 -3.937473871939193 -8.512902612845863 -6.906754373337507 -7.021613154146278 -2.503002826391082 -11.04921481027305 -10.2658622524323 -3.378519555656536 -7.820358159408846 -8.689040489169075 -6.64578220806855 -3.812768480862099 -2.775369272866299 -4.855532262282389 -12.9409457033141 -4.394301117567857 -6.238576056074576 -11.38305214270449 -4.688531156993398 -4.99197587448161 -12.12726664968608 -8.580327812164766 -5.21183192624936 -6.824290795107636 -6.778807198206324 -4.865859993469718 -7.90612005016236 -3.026660527718329 -7.089313252970423 -5.498013070249871 -1.948629089682266 -9.960603753615681 -2.565204718954984 -0.2701154875848673 -5.087263188961748 -5.898173638800333 -3.098157819664362 -6.357072593182295 -8.423769092579889 -5.397417306858695 -7.378278363007469 -5.430480071749877 -9.507304004215992 -4.357600550402958 -5.043406756613929 -3.248825269613036 -6.513869318813697 -9.940074468023774 -6.309982266108117 -0.498878213152639 -7.447152781416271 -8.074745487276394 -6.230523090066256 -4.024014249155123 -5.217837506210201 -9.164937584724697 -9.295968694825824 -7.112525487139847 -5.257451031432785 -6.391341773239747 -11.89323330671243 -3.954748441840384 -5.967173651526414 0.5302965318971626 -5.320292999309627 -2.055372394570828 -5.516925039713663 -1.977423306626787 -8.35457889267369 -3.843515241489321 -3.906521767737575 -4.306575149225931 -4.958818121472508 -9.335390269279227 -9.366225101314809 -8.166656716805324 -5.291709436119828 -10.27519453880083 -7.408966205876236 -6.713521389637561 -5.602602082949029 -9.222756891788492 -5.585242230350798 -0.8715632537886142 -3.528580564407687 -7.727634298308403 -12.38690380232726 -7.046148580107313 -7.739833058781837 1.956742394703983 -6.607081977619311 -10.60875829598444 -8.650003739998052 -8.8364988797019 -5.416375173718261 -10.49903400638231 -5.185252205534582 -11.86155660873684 -5.637044880901549 -5.594260258496446 -4.166185066315798 -4.583688331600738 -9.679104295735645 -9.803454152158986 -2.038978404156105 -9.762023387105909 -12.62617059184652 -4.943419240618224 -12.45147956303007 -6.410293008350799 2.968541982746631 -3.16186551379222 -5.14539066951867 -8.77557242989409 -3.642472922636814 -12.76521266695402 -7.925587628174178 -4.720647299465369 -6.494083819191234 -12.20908735606887 -9.379346637767416 -3.45113089215101 -7.45270728352539 -2.339108837739816 -9.645492933935802 -4.236828026778417 -6.923557122467724 -5.44390056506634 -4.721436780845733 -7.68765953090301 -5.402280525900284 -7.729268989613406 -11.12645672248077 -5.36562555252484 -5.21741788231363 -6.498199916041891 2.588334171276431 -3.006359681807615 -2.837505598644206 -10.33050538883402 -14.07339507130704 1.78547286010829 -8.698112723369405 0.2483887260930233 -6.578469970674726 -4.255076209763042 -13.65151854081813 -8.128273400231649 -7.447201152626233 -5.159314473891765 -5.806233269011069 -0.0252471756974959 -4.728508226487948 -2.959110084457843 -6.656783096374381 -10.7022652454603 -10.24722672874368 -5.131461299750631 -8.189455742010638 -2.760603045135029 -3.590572158829237 -5.138442587334347 -7.009073645669888 -8.461605992267973 -8.319972139594073 -5.387022214246544 -7.515670490682806 1.035408269456855 -4.995488195723476 -11.05902022797481 -4.388426903004016 -8.905465656105719 -3.507831745109705 -5.692775765907071 -8.848061018936962 -9.264286375733763 -5.890699702309347 -9.005608817487028 -6.992572486936737 -5.65226874505724 -4.876298285051304 -11.74924545265489 -6.764176030809449 -9.505180511893689 -4.836297532536205 -12.06157790218253 -9.746437720842312 -7.211014910100852 -8.868494159637534 -7.684888791706799 -7.207163885620004 -7.975317668687575 -12.86552307245926 -5.518510668920585 -8.475603622209505 2.554441626821619 -8.097949586027958 -3.820563539160822 -1.559592036862396 -4.547069675182444 -9.402959081538906 -10.96391367200835 -7.59944089221705 -6.184238123760239 -7.165378184684899 -9.202698864426113 -1.160675126106101 -11.23151712106608 -2.11376855930758 -4.072418656617947 -6.412938583886768 -3.696169873188021 -7.541996554369248 -4.523791181211161 -5.805383786802281 -6.466030116642018 -14.80827230917019 -8.238247093062672 -10.28509325659776 -11.11860185080558 -7.837194836407169 -12.34678520693928 -7.906084912896251 -5.360704658931569 -6.506977986329962 -7.195819664805487 -10.99130810857421 -5.99154176367546 -8.766522206387178 -3.821621170394944 -5.830547289381765 -5.728646783169714 -1.259337187545377 -3.775923757144933 -8.310766395781098 -5.922192446191644 -6.095039775837128 -10.24910572544629 -11.01266074272344 -6.072093159195349 -3.639681609893784 -7.444990037102436 -9.345475073061104 -1.512683707348424 -3.3130585726166 -2.983559234116752 -6.373375445131062 -7.110673374823497 -9.171875037691592 -5.16586353905901 -6.908318712434337 -4.6561784554727 -6.925039420537273 -6.166727012703395 -12.20182489188924 -10.32214584571063 -6.41772404679651 -1.661597060435353 -8.808225156920162 -3.125695275472937 -9.308855619183625 -8.475793776058865 -3.016397526428948 -5.86990624194026 -5.011508736370147 -7.550142194234011 -4.834340922062665 -6.08901922263316 -5.179287085129221 -10.82783131695779 -7.873582903847874 4.680246711942614 -11.74164702469836 -5.510085412039683 -2.141645466914776 -3.604720861346257 0.07811962806493966 -1.89808860550857 -5.729639911632947 -5.49832136202021 -6.455364590738311 -11.16473798328788 -2.55309024771801 -5.97902828234364 -3.255306010695127 -4.367836545854865 -14.54503231147702 -7.254973302058048 -2.155105923806909 -3.121700256976461 -5.855799230950026 -11.54933656383693 -1.115861607250728 -1.153986425683561 -7.361188586354988 -5.13861360224212 -5.652677716110144 -1.710116654094501 